0.0 0.04504504504504504
0.010309278350515464 0.0990990990990991
0.020618556701030927 0.13513513513513514
0.030927835051546393 0.1891891891891892
0.041237113402061855 0.1981981981981982
0.05154639175257732 0.21621621621621623
0.061855670103092786 0.22522522522522523
0.07216494845360824 0.2882882882882883
0.08247422680412371 0.3063063063063063
0.09278350515463918 0.4144144144144144
0.10309278350515463 0.42342342342342343
0.12371134020618557 0.5135135135135135
0.13402061855670103 0.5225225225225225
0.14432989690721648 0.5855855855855856
0.15463917525773196 0.6036036036036037
0.16494845360824742 0.6486486486486487
0.17525773195876287 0.6756756756756757
0.18556701030927836 0.6936936936936937
0.20618556701030927 0.7027027027027027
0.21649484536082475 0.7297297297297297
0.23711340206185566 0.7387387387387387
0.25773195876288657 0.7477477477477478
0.27835051546391754 0.7567567567567568
0.28865979381443296 0.7657657657657657
0.29896907216494845 0.7747747747747747
0.31958762886597936 0.8018018018018018
0.3402061855670103 0.8108108108108109
0.35051546391752575 0.8468468468468469
0.3711340206185567 0.8558558558558559
0.38144329896907214 0.8648648648648649
0.3917525773195876 0.8738738738738738
0.4020618556701031 0.8828828828828829
0.422680412371134 0.8918918918918919
0.4639175257731959 0.9099099099099099
0.4845360824742268 0.9369369369369369
0.5051546391752577 0.954954954954955
0.5360824742268041 0.963963963963964
0.5670103092783505 0.9819819819819819
0.5979381443298969 0.990990990990991
1.0 0.990990990990991